100101
100201
100301
100302
100401
101101
101102
101103
101104
101201
101202
101301
101501
101599
103101
103102
103103
103104
105101
105102
105103
105104
105201
110101
110102
110103
110104
110105
110106
110107
110108
110109
110110
110198
110199
111101
111102
113101
113102
113199
113202
113204
113204
113204
113204
113204
113204
113205
113205
113205
113205
113205
113205
113205
113205
113205
113205
113206
113206
113206
113206
113206
113206
113207
113207
113207
113207
113208
113208
113208
113208
113208
113209
113209
113209
113209
113209
113209
113210
113210
113211
113213
113213
113213
113214
113301
113302
113303
113304
113305
113306
113307
113308
113309
113310
113311
113312
113313
113314
113399
123101
123102
123103
123104
123199
124101
124102
124199
124201
124201
124202
124203
124203
124204
124204
124205
124206
124206
124207
124207
124209
124209
124210
124210
124301
124301
124302
124303
124303
124304
124304
124305
124306
124306
124307
124307
124308
124309
124309
124501
124501
124502
125101
125102
125103
125104
125105
125106
125107
125108
125204
125302
125302
125305
125305
130201
130202
130203
130204
132105
132107
144201
144202
144203
144204
144299
144301
147101
147199
150101
150102
150103
150104
150105
150106
150107
150108
150109
150110
150111
150112
150113
150114
150115
150116
150117
150118
150119
150120
150121
150122
150123
150124
150125
150126
150127
150128
150129
150130
150131
150132
150133
150197
150198
150199
150201
150301
150302
150303
150304
150305
150306
150307
150308
150309
150310
150311
150312
150313
150314
150315
150316
150317
150318
150319
150320
150321
150322
150323
150324
150325
150326
150327
150328
150329
150330
150331
150332
150333
150334
150335
150336
150337
150338
150339
150340
150341
150342
150343
150343
150344
150345
150348
150396
150397
150398
150399
150401
150501
150502
150503
150504
150505
150506
150507
150508
150509
150510
150511
150512
150513
150514
150515
150516
150517
150518
150519
150520
150521
150597
150598
150599
150601
150701
150702
151101
151102
151103
151104
151105
151201
152101
152102
152201
152202
152301
152401
152402
153101
153199
154101
160101
160102
160103
160104
160105
160106
160107
160108
160199
160201
160202
160203
160204
160205
160206
160207
160208
160299
160301
160401
160402
160403
160499
160501
160601
161201
170101
170102
170103
170199
170201
170202
170203
170299
170301
171101
171201
180101
180102
180103
180199
181101
181102
181103
181104
181105
181106
181107
181108
181109
181110
181111
181112
181113
181114
181115
181116
181117
181118
181119
181120
181121
181122
181123
181124
181125
181126
181127
181128
181199
181201
182101
182102
182103
190101
190199
200101
200101
200105
200105
200106
200106
200201
200202
200202
200501
200601
200602
200603
200604
200605
200606
200607
200608
200609
200610
200611
200701
200702
200703
200704
200705
200706
200707
200708
200709
200710
200801
200802
200803
200804
200805
200806
200807
200808
200809
200810
200811
201601
201601
202101
202102
202103
202104
202105
202106
202107
202108
210101
210102
211101
211102
221101
221102
221103
221104
221105
221106
221107
221108
221109
221110
221111
221112
221113
221114
221115
221116
221117
221118
221119
221199
222101
222102
222103
222104
222105
222106
222107
222108
222109
222110
222111
222112
222199
222201
222206
222207
222211
222212
222213
222214
222215
222216
222217
222218
222219
223102
223103
223104
223112
223112
223113
223113
223199
223301
224198
224199
224199
231407
231409
240101
250201
250202
250203
250210
250210
250211
250211
270101
270201
280101
280201
280202
281101
281102
281103
281199
290101
290102
290103
290199
300206
300206
300301
300302
300302
300306
300306
410101
601101
601101
601101
601101
601102
601102
601102
601102
601102
601103
601103
601103
601103
601104
601104
601104
601104
601105
601105
601105
601105
601106
601106
601106
601106
601110
601110
601115
601116
601117
601118
601199
601202
601204
601205
601206
601207
601208
601209
601210
601211
601212
601214
601215
601301
602108
602299
602501
602502
605104
605105
605106
605107
610101
610102
610103
610104
610105
610199
611101
611104
611105
611106
611107
630101
630102
630103
630104
630105
630106
630107
630108
630109
630199
640301
640302
640303
640304
640305
640306
640307
640308
640309
640399
641106
641109
641110
641199
641203
641204
641205
641206
641207
641208
641209
641211
641304
641305
642101
642102
642103
642104
642105
642106
642107
642108
642109
642110
642111
642112
642113
642114
642115
642199
660201
660202
660203
660204
660205
660206
660207
660208
660209
660210
660211
660212
660213
660214
660215
660216
660217
660218
660219
660220
660221
660222
660223
660224
660225
660226
660227
660228
660229
660230
660231
660232
660233
660234
660235
660236
660237
660238
660239
660240
660241
660242
660243
660244
660245
660246
660247
660248
660249
660250
660251
660252
660253
660254
660255
660299
660301
660302
660303
660304
660399
671101
671102
671103
671104
671105
671106
671107
671108
671109
671199
680101
680102
690101
700602
700603
710101
710101
710102
710102
710103
710103
710104
710104
710105
710105
710106
710106
710107
710107
710108
710109
710109
710110
710199
710199
710201
710201
710202
710203
710204
710205
710206
710207
710301
710302
810401
810402
810403
810404













